57
57
57
58
58
59
59
60
60
61
61
62
62
62
51
51
51
50
50
52
52
53
53
56
56
55
55
55
54
54
65
65
63
63
63
64
64
67
67
66
66
68
68
70
70
70
69
69
69
71
71
74
74
95
95
94
94
96
96
99
99
97
97
98
98
93
93
92
92
91
91
91
89
89
89
88
88
90
90
87
87
85
85
85
86
86
84
84
83
83
82
82
79
79
80
80
81
81
76
76
76
75
75
75
78
78
77
77
41
42
42
42
47
47
47
48
48
49
49
46
46
45
45
45
44
44
181
181
179
179
179
180
180
177
177
177
178
178
176
176
175
175
183
183
183
182
182
184
184
186
186
185
185
187
187
198
198
197
197
159
158
158
157
157
157
160
160
160
161
161
162
162
154
154
155
155
156
156
156
150
150
150
151
151
153
153
152
152
152
126
126
126
125
125
127
127
127
128
128
130
130
129
129
131
131
136
136
135
135
137
137
134
134
133
133
133
132
132
149
149
147
147
147
148
148
144
144
145
145
146
146
138
138
139
139
142
142
141
141
140
140
140
107
107
107
108
108
109
109
112
112
110
110
111
111
3
3
3
2
2
1
1
1
0
0
4
4
5
5
5
6
6
7
7
8
8
9
9
32
32
33
33
33
34
34
35
35
36
36
37
37
30
30
29
29
31
31
31
28
28
28
27
27
25
25
26
26
40
40
38
38
39
39
43
43
41
8
10
10
10
11
11
12
12
21
21
20
20
19
19
19
23
23
22
22
24
24
17
17
16
16
18
18
15
15
13
13
14
14
14
73
73
72
72
142
143
143
116
116
116
117
117
118
118
114
114
113
113
115
115
121
121
119
119
119
120
120
120
124
124
123
123
123
122
122
102
102
103
103
100
100
101
101
106
106
104
104
105
105
159
174
174
173
173
173
172
172
169
169
170
170
170
171
171
166
166
166
167
167
168
168
165
165
164
164
164
163
163
191
191
191
192
192
193
193
190
190
189
189
189
188
188
199
199
196
196
194
194
195
195
